"STATION","DATE","SOURCE","LATITUDE","LONGITUDE","ELEVATION","NAME","REPORT_TYPE","CALL_SIGN","QUALITY_CONTROL","WND","CIG","VIS","TMP","DEW","SLP","AA1","AA2","AA3","AY1","AY2","GA1","GA2","GA3","GF1","IA1","KA1","KA2","MA1","MD1","ME1","MW1","MW2","MW3","OC1","REM","EQD"
"78724099999","2001-01-01T00:00:00","4","13.3","-87.1833333","48.0","CHOLUTECA, HO","FM-15","MHCH ","V020","030,1,N,0087,1","22000,1,9,N","011265,1,N,1","+0300,1","+0190,1","99999,9",,,,,,"02,1,+00840,9,99,9",,,"02,99,1,99,9,99,9,99999,9,99,9,99,9",,,,"10119,1,99999,9",,,"00,1",,,,"MET045MHCH 010000Z 03017KT 9999 FEW028 30/19 Q1012;","Q01+000000PRSWM2"
"78724099999","2001-01-01T04:00:00","4","13.3","-87.1833333","48.0","CHOLUTECA, HO","FM-15","MHCH ","V020","050,1,N,0051,1","22000,1,9,N","011265,1,N,1","+0270,1","+0180,1","99999,9",,,,,,"02,1,+00780,9,99,9",,,"02,99,1,99,9,99,9,99999,9,99,9,99,9",,,,"10119,1,99999,9",,,"00,1",,,,"MET045MHCH 010400Z 05010KT 9999 FEW026 27/18 Q1012;","Q01+000000PRSWM2"
"78724099999","2001-01-01T14:00:00","4","13.3","-87.1833333","48.0","CHOLUTECA, HO","FM-15","MHCH ","V020","040,1,N,0093,1","22000,1,9,N","011265,1,N,1","+0280,1","+0160,1","99999,9",,,,,,"02,1,+00900,9,99,9",,,"02,99,1,99,9,99,9,99999,9,99,9,99,9",,,,,,,"00,1",,,,"MET039MHCH 011400Z 04018KT 9999 FEW030 28/16;","Q01+000000PRSWM2"
"78724099999","2001-01-01T15:00:00","4","13.3","-87.1833333","48.0","CHOLUTECA, HO","SY-MT","MHCH ","V020","040,1,N,0082,1","22000,1,9,N","028000,1,N,1","+0293,1","+0161,1","10138,1","99,0000,9,1",,,,,"01,1,+00960,9,02,9",,,"02,99,1,01,1,01,1,00800,1,00,1,01,1",,,,"99999,9,10081,1","3,1,009,1,-002,1",,"00,1",,,,"SYN088AAXX  01154 78724 32578 20416 10293 20161 30081 40138 53009 81101 333 56100 59002 81832;MET038MHCH 01150Z 04016KT 9999 FEW032 29/16;","Q01+000000PRSWM2Q02  00002PRCP99"
"78724099999","2001-01-01T16:00:00","4","13.3","-87.1833333","48.0","CHOLUTECA, HO","FM-15","MHCH ","V020","050,1,N,0082,1","22000,1,9,N","011265,1,N,1","+0310,1","+0160,1","99999,9",,,,,,"02,1,+00960,9,99,9",,,"04,99,1,99,9,99,9,99999,9,99,9,99,9",,,,,,,"00,1",,,,"MET039MHCH 011600Z 05016KT 9999 SCT032 31/16;","Q01+000000PRSWM2"
"78724099999","2001-01-01T17:00:00","4","13.3","-87.1833333","48.0","CHOLUTECA, HO","FM-15","MHCH ","V020","030,1,N,0103,1","22000,1,9,N","011265,1,N,1","+0320,1","+0160,1","99999,9",,,,,,"02,1,+00960,9,99,9",,,"02,99,1,99,9,99,9,99999,9,99,9,99,9",,,,"10129,1,99999,9",,,"00,1",,,,"MET045MHCH 011700Z 03020KT 9999 FEW032 32/16 Q1013;","Q01+000000PRSWM2"
"78724099999","2001-01-01T18:00:00","4","13.3","-87.1833333","48.0","CHOLUTECA, HO","SY-MT","MHCH ","V020","030,1,N,0108,1","22000,1,9,N","028000,1,N,1","+0327,1","+0154,1","10119,1","99,0000,9,1",,,,,"02,1,+00960,9,99,9",,,"02,99,1,02,1,01,1,00800,1,00,1,01,1","01,9","120,M,+0327,1","240,N,+0226,1","10119,1,10062,1","6,1,019,1,-007,1",,"00,1",,,,"SYN106AAXX  01184 78724 32578 20321 10327 20154 30062 40119 56019 82101 333 10327 20226 30/// 56200 59007 82832;MET045MHCH 011800Z 03021KT 9999 FEW032 33/15 Q1012;","Q01+000000PRSWM2Q02  00002PRCP99"
"78724099999","2001-01-01T19:00:00","4","13.3","-87.1833333","48.0","CHOLUTECA, HO","FM-15","MHCH ","V020","030,1,N,0087,1","22000,1,9,N","011265,1,N,1","+0340,1","+0150,1","99999,9",,,,,,"02,1,+01020,9,99,9",,,"02,99,1,99,9,99,9,99999,9,99,9,99,9",,,,"10108,1,99999,9",,,"00,1",,,,"MET045MHCH 011900Z 03017KT 9999 FEW034 34/15 Q1011;","Q01+000000PRSWM2"
"78724099999","2001-01-01T20:00:00","4","13.3","-87.1833333","48.0","CHOLUTECA, HO","FM-15","MHCH ","V020","020,1,N,0093,1","22000,1,9,N","011265,1,N,1","+0350,1","+0150,1","99999,9",,,,,,"02,1,+01020,9,99,9",,,"04,99,1,99,9,99,9,99999,9,99,9,99,9",,,,"10102,1,99999,9",,,"00,1",,,,"MET045MHCH 012000Z 02018KT 9999 SCT034 35/15 Q1010;","Q01+000000PRSWM2"
"78724099999","2001-01-01T21:00:00","4","13.3","-87.1833333","48.0","CHOLUTECA, HO","SY-MT","MHCH ","V020","020,1,N,0082,1","22000,1,9,N","028000,1,N,1","+0345,1","+0148,1","10091,1","99,0000,9,1",,,,,"02,1,+01020,9,99,9",,,"04,99,1,03,1,01,1,00800,1,00,1,01,1",,,,"10091,1,10036,1","7,1,031,1,+002,1",,"00,1",,,,"SYN088AAXX  01214 78724 32578 40216 10345 20148 30036 40091 57031 83101 333 56200 58002 83834;MET045MHCH 012100Z 02016KT 9999 SCT034 35/15 Q1009;","Q01+000000PRSWM2Q02  00002PRCP99"
"78724099999","2001-01-01T22:00:00","4","13.3","-87.1833333","48.0","CHOLUTECA, HO","FM-15","MHCH ","V020","030,1,N,0072,1","22000,1,9,N","011265,1,N,1","+0350,1","+0150,1","99999,9",,,,,,"02,1,+01020,9,99,9",,,"04,99,1,99,9,99,9,99999,9,99,9,99,9",,,,"10091,1,99999,9",,,"00,1",,,,"MET045MHCH 012200Z 03014KT 9999 SCT034 35/15 Q1009;","Q01+000000PRSWM2"
"78724099999","2001-01-01T23:00:00","4","13.3","-87.1833333","48.0","CHOLUTECA, HO","FM-15","MHCH ","V020","060,1,N,0057,1","22000,1,9,N","011265,1,N,1","+0340,1","+0150,1","99999,9",,,,,,"02,1,+01020,9,99,9",,,"04,99,1,99,9,99,9,99999,9,99,9,99,9",,,,"10102,1,99999,9",,,"00,1",,,,"MET045MHCH 012300Z 06011KT 9999 SCT034 34/15 Q1010;","Q01+000000PRSWM2"
"78724099999","2001-01-02T00:00:00","4","13.3","-87.1833333","48.0","CHOLUTECA, HO","FM-15","MHCH ","V020","050,1,N,0051,1","22000,1,9,N","011265,1,N,1","+0320,1","+0150,1","99999,9",,,,,,"02,1,+00960,9,99,9",,,"04,99,1,99,9,99,9,99999,9,99,9,99,9",,,,"10102,1,99999,9",,,"00,1",,,,"MET045MHCH 020000Z 05010KT 9999 SCT032 32/15 Q1010;","Q01+000000PRSWM2"
"78724099999","2001-01-02T01:00:00","4","13.3","-87.1833333","48.0","CHOLUTECA, HO","FM-15","MHCH ","V020","080,1,N,0051,1","22000,1,9,N","011265,1,N,1","+0310,1","+0150,1","99999,9",,,,,,"02,1,+00960,9,99,9",,,"02,99,1,99,9,99,9,99999,9,99,9,99,9",,,,"10108,1,99999,9",,,"00,1",,,,"MET045MHCH 020100Z 08010KT 9999 FEW032 31/15 Q1011;","Q01+000000PRSWM2"
"78724099999","2001-01-02T02:00:00","4","13.3","-87.1833333","48.0","CHOLUTECA, HO","FM-15","MHCH ","V020","090,1,N,0051,1","22000,1,9,N","011265,1,N,1","+0290,1","+0160,1","99999,9",,,,,,"02,1,+00960,9,99,9",,,"02,99,1,99,9,99,9,99999,9,99,9,99,9",,,,"10119,1,99999,9",,,"00,1",,,,"MET045MHCH 020200Z 09010KT 9999 FEW032 29/16 Q1012;","Q01+000000PRSWM2"
"78724099999","2001-01-02T03:00:00","4","13.3","-87.1833333","48.0","CHOLUTECA, HO","SY-MT","MHCH ","V020","090,1,N,0046,1","22000,1,9,N","028000,1,N,1","+0287,1","+0167,1","10119,1","99,0000,9,1",,,,,"02,1,+00960,9,99,9",,,"99,99,9,01,1,05,1,00800,1,00,1,00,1",,,,"99999,9,99999,9","3,1,024,1,-003,1",,"00,1",,,,"SYN088AAXX  02034 78724 32578 10909 10287 20167 39062 40119 53024 81500 333 56000 59003 81632;MET039MHCH 020300Z 09009KT 9999 FEW032 29/17;","Q01+000012SCOTCVQ02+090623APOSP Q03+000000PRSWM2Q04  00002PRCP99Q05 090623APOSP "
"78724099999","2001-01-02T04:00:00","4","13.3","-87.1833333","48.0","CHOLUTECA, HO","FM-15","MHCH ","V020","080,1,N,0046,1","22000,1,9,N","011265,1,N,1","+0280,1","+0170,1","99999,9",,,,,,"02,1,+00900,9,99,9",,,"02,99,1,99,9,99,9,99999,9,99,9,99,9",,,,"10129,1,99999,9",,,"00,1",,,,"MET045MHCH 020400Z 08009KT 9999 FEW030 28/17 Q1013;","Q01+000000PRSWM2"
"78724099999","2001-01-02T05:00:00","4","13.3","-87.1833333","48.0","CHOLUTECA, HO","FM-15","MHCH ","V020","090,1,N,0041,1","22000,1,9,N","011265,1,N,1","+0280,1","+0170,1","99999,9",,,,,,"02,1,+00900,9,99,9",,,"02,99,1,99,9,99,9,99999,9,99,9,99,9",,,,"10129,1,99999,9",,,"00,1",,,,"MET045MHCH 020500Z 09008KT 9999 FEW030 28/17 Q1013;","Q01+000000PRSWM2"
"78724099999","2001-01-02T06:00:00","4","13.3","-87.1833333","48.0","CHOLUTECA, HO","SY-MT","MHCH ","V020","050,1,N,0031,1","22000,1,9,N","028000,1,N,1","+0269,1","+0167,1","10129,1","99,0000,9,1",,,,,"02,1,+00900,9,99,9",,,"99,99,9,01,1,05,1,00800,1,00,1,00,1","01,9","240,M,+0351,1","240,N,+0226,1","10129,1,10072,2","0,1,010,1,+002,1",,"00,1",,,,"SYN106AAXX  02064 78724 32578 10506 10269 20167 30072 40129 50010 81500 333 10351 20226 30/// 56000 58002 81630;MET045MHCH 020600Z 05006KT 9999 FEW030 27/17 Q1013;","Q01+000012SCOTCVQ02+100723APOSP Q03+000000PRSWM2Q04  00002PRCP99"
"78724099999","2001-01-02T16:00:00","4","13.3","-87.1833333","48.0","CHOLUTECA, HO","FM-15","MHCH ","V020","030,1,N,0087,1","22000,1,9,N","011265,1,N,1","+0310,1","+0180,1","99999,9",,,,,,"02,1,+00900,9,02,9","02,1,+02400,9,99,9",,"04,99,1,99,9,99,9,99999,9,99,9,99,9",,,,"10129,1,99999,9",,,"00,1",,,,"MET061MHCH 021600Z 03017KT 9999 FEW030TCU SCT080 31/18 Q1013 TCU E;","Q01+000000PRSWM2"
